,Unnamed: 0,RecordingTime [ms],Time of Day [h:m:s:ms],Trial,Stimulus,Export Start Trial Time [ms],Export End Trial Time [ms],Participant,Color,Tracking Ratio [%],Category Group,Category Right,Category Left,Index Right,Index Left,Point of Regard Right X [px],Point of Regard Right Y [px],Point of Regard Left X [px],Point of Regard Left Y [px],AOI Name Right,AOI Group Right,AOI Scope Right,AOI Order Right,AOI Name Left,AOI Group Left,AOI Scope Left,AOI Order Binocular,Gaze Vector Right X,Gaze Vector Right Y,Gaze Vector Right Z,Gaze Vector Left X,Gaze Vector Left Y,Gaze Vector Left Z,Eye Position Right X [mm],Eye Position Right Y [mm],Eye Position Right Z [mm],Eye Position Left X [mm],Eye Position Left Y [mm],Eye Position Left Z [mm],Pupil Position Right X [px],Pupil Position Right Y [px],Pupil Position Left X [px],Pupil Position Left Y [px],Port Status,Annotation Name,Annotation Description,Annotation Tags,Mouse Position X [px],Mouse Position Y [px],Scroll Direction X,Scroll Direction Y,Content
96285,96285,2679972.25,18:09:05:565,Trial015,15 devant.png,0,2893.689,58,DarkKhaki,77.7554,Information,Separator,Separator,1,1,-,-,-,-,-,-,-,-,-,-,-,-,-,-,-,-,-,-,-,-,-,-,-,-,-,-,-,-,-,-,-,-,-,-,-,-,d8c27495bb1e34980594b37ee19c2310_1280x1024.jpg
96286,96286,2679983.287,18:09:05:576,Trial015,15 devant.png,0,2893.689,58,DarkKhaki,77.7554,Eye,Fixation,Fixation,1,1,1274.6444,939.9215,1271.0751,946.8795,-,-,-,-,-,-,-,-,0.1645,-0.1191,-0.9792,0.1666,-0.1088,-0.98,45.4104,62.6632,610.5442,-16.1307,56.0354,593.8596,458.0865,267.7823,701.3447,287.4301,0,-,-,-,-,-,-,-,-
96287,96287,2679999.98,18:09:05:593,Trial015,15 devant.png,0,2893.689,58,DarkKhaki,77.7554,Eye,Fixation,Fixation,1,1,1280.6649,947.9015,1312.9604,971.8547,-,-,-,-,-,-,-,-,0.1649,-0.1252,-0.9783,0.1767,-0.123,-0.9765,45.4079,62.6194,610.4523,-16.1261,55.9971,593.5939,458.0624,268.0364,701.154,287.769,0,-,-,-,-,-,-,-,-
96288,96288,2680016.673,18:09:05:609,Trial015,15 devant.png,0,2893.689,58,DarkKhaki,77.7554,Eye,Fixation,Fixation,1,1,1281.3871,956.0787,1287.5066,966.7752,-,-,-,-,-,-,-,-,0.1634,-0.1279,-0.9782,0.1682,-0.1161,-0.9789,45.3569,62.5177,609.898,-16.1883,56.0352,594.3201,458.1261,268.2653,701.4983,287.7514,0,-,-,-,-,-,-,-,-
96289,96289,2680033.366,18:09:05:626,Trial015,15 devant.png,0,2893.689,58,DarkKhaki,77.7554,Eye,Fixation,Fixation,1,1,1283.1824,954.9933,1317.4818,957.8532,-,-,-,-,-,-,-,-,0.1633,-0.1234,-0.9788,0.1782,-0.1083,-0.978,45.1902,62.3069,608.2734,-16.3032,56.0549,595.2927,458.2949,268.3534,701.6622,287.8888,0,-,-,-,-,-,-,-,-
96290,96290,2680050.059,18:09:05:643,Trial015,15 devant.png,0,2893.689,58,DarkKhaki,77.7554,Eye,Fixation,Fixation,1,1,1288.6415,958.0542,1323.0714,962.7621,-,-,-,-,-,-,-,-,0.1654,-0.1234,-0.9785,0.1796,-0.1096,-0.9776,45.1251,62.308,608.3394,-16.3496,55.936,594.4194,458.5314,268.3758,701.9134,288.0646,0,-,-,-,-,-,-,-,-
96291,96291,2680066.752,18:09:05:660,Trial015,15 devant.png,0,2893.689,58,DarkKhaki,77.7554,Eye,Fixation,Fixation,1,1,1299.5061,966.7982,1307.7801,962.5042,-,-,-,-,-,-,-,-,0.1723,-0.1302,-0.9764,0.171,-0.107,-0.9794,45.0347,62.3753,608.7607,-16.3915,55.8495,593.7612,458.8842,268.4156,702.3225,288.1101,0,-,-,-,-,-,-,-,-
96292,96292,2680083.445,18:09:05:676,Trial015,15 devant.png,0,2893.689,58,DarkKhaki,77.7554,Eye,Saccade,Fixation,1,1,1291.5663,942.535,1322.6062,958.5558,-,-,-,-,-,-,-,-,0.1634,-0.1048,-0.981,0.1793,-0.102,-0.9785,44.8402,62.2061,607.2719,-16.5578,55.9356,594.6538,459.3712,267.9839,702.7339,288.0036,0,-,-,-,-,-,-,-,-
96293,96293,2680100.138,18:09:05:693,Trial015,15 devant.png,0,2893.689,58,DarkKhaki,77.7554,Eye,Blink,Fixation,1,1,1320.2053,997.1883,1318.4446,972.6198,-,-,-,-,-,-,-,-,0.1832,-0.1559,-0.9706,0.1745,-0.1164,-0.9778,44.745,62.3622,608.0796,-16.6083,55.8734,593.7119,459.619,268.6982,703.1336,288.1822,0,-,-,-,-,-,-,-,-
96294,96294,2680116.831,18:09:05:710,Trial015,15 devant.png,0,2893.689,58,DarkKhaki,77.7554,Eye,Blink,Blink,1,1,0,0,0,0,-,-,-,-,-,-,-,-,0,0,0,0,0,0,0,0,0,0,0,0,0,0,0,0,0,-,-,-,-,-,-,-,-
96295,96295,2680133.524,18:09:05:726,Trial015,15 devant.png,0,2893.689,58,DarkKhaki,77.7554,Eye,Blink,Blink,1,1,0,0,0,0,-,-,-,-,-,-,-,-,0,0,0,0,0,0,0,0,0,0,0,0,0,0,0,0,0,-,-,-,-,-,-,-,-
96296,96296,2680150.217,18:09:05:743,Trial015,15 devant.png,0,2893.689,58,DarkKhaki,77.7554,Eye,Blink,Blink,1,1,0,0,0,0,-,-,-,-,-,-,-,-,0,0,0,0,0,0,0,0,0,0,0,0,0,0,0,0,0,-,-,-,-,-,-,-,-
96297,96297,2680166.91,18:09:05:760,Trial015,15 devant.png,0,2893.689,58,DarkKhaki,77.7554,Eye,Blink,Blink,1,1,0,0,0,0,-,-,-,-,-,-,-,-,0,0,0,0,0,0,0,0,0,0,0,0,0,0,0,0,0,-,-,-,-,-,-,-,-
96298,96298,2680183.602,18:09:05:776,Trial015,15 devant.png,0,2893.689,58,DarkKhaki,77.7554,Eye,Blink,Blink,1,1,0,0,0,0,-,-,-,-,-,-,-,-,0,0,0,0,0,0,0,0,0,0,0,0,0,0,0,0,0,-,-,-,-,-,-,-,-
96299,96299,2680200.295,18:09:05:793,Trial015,15 devant.png,0,2893.689,58,DarkKhaki,77.7554,Eye,Blink,Blink,1,1,0,0,0,0,-,-,-,-,-,-,-,-,0,0,0,0,0,0,0,0,0,0,0,0,0,0,0,0,0,-,-,-,-,-,-,-,-
96300,96300,2680216.988,18:09:05:810,Trial015,15 devant.png,0,2893.689,58,DarkKhaki,77.7554,Eye,Blink,Blink,1,1,0,0,0,0,-,-,-,-,-,-,-,-,0,0,0,0,0,0,0,0,0,0,0,0,0,0,0,0,0,-,-,-,-,-,-,-,-
96301,96301,2680233.681,18:09:05:826,Trial015,15 devant.png,0,2893.689,58,DarkKhaki,77.7554,Eye,Blink,Blink,1,1,0,0,0,0,-,-,-,-,-,-,-,-,0,0,0,-0.3176,-0.1806,-0.9309,0,0,0,-18.7184,57.1851,599.7402,0,0,720.4946,286.5457,0,-,-,-,-,-,-,-,-
96302,96302,2680250.374,18:09:05:843,Trial015,15 devant.png,0,2893.689,58,DarkKhaki,77.7554,Eye,Fixation,Blink,2,1,862.3728,501.2429,0,0,-,-,-,-,-,-,-,-,0.0206,0.1256,-0.9919,0,0,0,42.5663,63.268,607.0249,0,0,0,471.0077,259.2366,0,0,0,-,-,-,-,-,-,-,-
96303,96303,2680267.067,18:09:05:860,Trial015,15 devant.png,0,2893.689,58,DarkKhaki,77.7554,Eye,Fixation,Fixation,2,2,832.6878,496.5575,781.956,506.5928,-,-,-,-,-,-,-,-,0.0048,0.1309,-0.9914,-0.0054,0.124,-0.9923,42.4288,63.1765,606.682,-18.9299,57.1659,599.9695,471.7602,259.352,715.2466,280.6605,0,-,-,-,-,-,-,-,-
96304,96304,2680283.76,18:09:05:877,Trial015,15 devant.png,0,2893.689,58,DarkKhaki,77.7554,Eye,Fixation,Fixation,2,2,837.7685,493.8268,776.0662,489.4261,-,-,-,-,-,-,-,-,0.0116,0.133,-0.991,-0.0093,0.1404,-0.9901,42.2682,63.0894,606.1424,-19.069,57.0287,598.7942,472.1139,259.43,716.0279,280.4368,0,-,-,-,-,-,-,-,-
96305,96305,2680300.453,18:09:05:893,Trial015,15 devant.png,0,2893.689,58,DarkKhaki,77.7554,Eye,Fixation,Fixation,2,2,834.8068,500.1557,778.6055,496.5684,-,-,-,-,-,-,-,-,0.0097,0.1185,-0.9929,-0.0045,0.127,-0.9919,42.1007,63.0489,605.634,-19.2531,57.0342,599.4193,472.6694,259.6538,716.5906,280.9166,0,-,-,-,-,-,-,-,-
96306,96306,2680317.146,18:09:05:910,Trial015,15 devant.png,0,2893.689,58,DarkKhaki,77.7554,Eye,Fixation,Fixation,2,2,831.3861,502.5809,784.7321,483.7263,-,-,-,-,-,-,-,-,0.0076,0.1203,-0.9927,0.0022,0.1455,-0.9894,41.9108,62.9576,605.0774,-19.4633,56.9101,599.0507,473.309,259.7494,717.3473,280.9126,0,-,-,-,-,-,-,-,-
96307,96307,2680333.839,18:09:05:927,Trial015,15 devant.png,0,2893.689,58,DarkKhaki,77.7554,Eye,Fixation,Fixation,2,2,836.1419,505.8141,785.2845,494.7178,-,-,-,-,-,-,-,-,0.0154,0.1174,-0.993,-0.0011,0.1259,-0.992,41.6836,62.8786,604.5275,-19.6046,56.822,598.9321,473.9065,259.8872,717.9952,281.5966,0,-,-,-,-,-,-,-,-
96308,96308,2680350.532,18:09:05:943,Trial015,15 devant.png,0,2893.689,58,DarkKhaki,77.7554,Eye,Fixation,Fixation,2,2,830.2124,503.578,784.537,501.8111,-,-,-,-,-,-,-,-,0.0063,0.1279,-0.9918,-0.0035,0.1189,-0.9929,41.5234,62.7074,603.5956,-19.7412,56.6974,598.4327,474.4617,259.9739,718.6559,282.038,0,-,-,-,-,-,-,-,-
96309,96309,2680367.225,18:09:05:960,Trial015,15 devant.png,0,2893.689,58,DarkKhaki,77.7554,Eye,Fixation,Fixation,2,2,833.1229,502.7117,788.0628,493.4665,-,-,-,-,-,-,-,-,0.0133,0.1291,-0.9915,0.0036,0.1355,-0.9908,41.3397,62.6782,603.6741,-19.9505,56.6151,598.8708,475.0773,260.1,719.2949,282.2161,0,-,-,-,-,-,-,-,-
96310,96310,2680383.918,18:09:05:977,Trial015,15 devant.png,0,2893.689,58,DarkKhaki,77.7554,Eye,Fixation,Fixation,2,2,829.15,501.3879,785.446,495.4536,-,-,-,-,-,-,-,-,0.0068,0.1324,-0.9912,-0.0044,0.1316,-0.9913,41.1383,62.4712,602.128,-20.037,56.4738,598.1099,475.5809,260.2096,719.9017,282.5645,0,-,-,-,-,-,-,-,-
96311,96311,2680400.61,18:09:05:993,Trial015,15 devant.png,0,2893.689,58,DarkKhaki,77.7554,Eye,Fixation,Fixation,2,2,832.2485,502.1579,787.3734,496.7204,-,-,-,-,-,-,-,-,0.0142,0.1266,-0.9919,0.0013,0.1289,-0.9917,41.0991,62.5819,603.3639,-20.2053,56.4379,598.7478,475.9299,260.4,720.3781,283.0063,0,-,-,-,-,-,-,-,-
96312,96312,2680417.303,18:09:06:010,Trial015,15 devant.png,0,2893.689,58,DarkKhaki,77.7554,Eye,Fixation,Fixation,2,2,829.2357,506.2817,785.8499,494.0296,-,-,-,-,-,-,-,-,0.008,0.1145,-0.9934,-0.0034,0.1362,-0.9907,40.9541,62.4586,602.4731,-20.2365,56.2352,597.6408,476.3823,260.7493,720.7458,283.2514,0,-,-,-,-,-,-,-,-
96313,96313,2680433.996,18:09:06:027,Trial015,15 devant.png,0,2893.689,58,DarkKhaki,77.7554,Eye,Fixation,Fixation,2,2,826.7267,509.3304,786.4421,498.3385,-,-,-,-,-,-,-,-,0.0076,0.1141,-0.9934,-0.0007,0.1253,-0.9921,40.8153,62.3234,601.3336,-20.3055,56.1499,597.3305,476.6326,260.8165,721.0126,283.685,0,-,-,-,-,-,-,-,-
96314,96314,2680450.689,18:09:06:043,Trial015,15 devant.png,0,2893.689,58,DarkKhaki,77.7554,Eye,Fixation,Fixation,2,2,833.6682,511.3214,787.2495,499.0231,-,-,-,-,-,-,-,-,0.0223,0.1169,-0.9929,0.0002,0.1245,-0.9922,40.6844,62.2292,600.6771,-20.3907,56.1848,598.0261,476.6902,260.8619,721.2419,283.828,0,-,-,-,-,-,-,-,-
96315,96315,2680467.382,18:09:06:060,Trial015,15 devant.png,0,2893.689,58,DarkKhaki,77.7554,Eye,Blink,Blink,2,2,0,0,0,0,-,-,-,-,-,-,-,-,0,0,0,0,0,0,0,0,0,0,0,0,0,0,0,0,0,-,-,-,-,-,-,-,-
96316,96316,2680484.075,18:09:06:077,Trial015,15 devant.png,0,2893.689,58,DarkKhaki,77.7554,Eye,Blink,Blink,2,2,0,0,0,0,-,-,-,-,-,-,-,-,0,0,0,0,0,0,0,0,0,0,0,0,0,0,0,0,0,-,-,-,-,-,-,-,-
96317,96317,2680500.768,18:09:06:094,Trial015,15 devant.png,0,2893.689,58,DarkKhaki,77.7554,Eye,Blink,Blink,2,2,0,0,0,0,-,-,-,-,-,-,-,-,0,0,0,0,0,0,0,0,0,0,0,0,0,0,0,0,0,-,-,-,-,-,-,-,-
96318,96318,2680517.461,18:09:06:110,Trial015,15 devant.png,0,2893.689,58,DarkKhaki,77.7554,Eye,Blink,Blink,2,2,0,0,0,0,-,-,-,-,-,-,-,-,0,0,0,0,0,0,0,0,0,0,0,0,0,0,0,0,0,-,-,-,-,-,-,-,-
96319,96319,2680534.154,18:09:06:127,Trial015,15 devant.png,0,2893.689,58,DarkKhaki,77.7554,Eye,Blink,Blink,2,2,0,0,0,0,-,-,-,-,-,-,-,-,0,0,0,0,0,0,0,0,0,0,0,0,0,0,0,0,0,-,-,-,-,-,-,-,-
96320,96320,2680550.847,18:09:06:144,Trial015,15 devant.png,0,2893.689,58,DarkKhaki,77.7554,Eye,Blink,Blink,2,2,0,0,0,0,-,-,-,-,-,-,-,-,0,0,0,0,0,0,0,0,0,0,0,0,0,0,0,0,0,-,-,-,-,-,-,-,-
96321,96321,2680567.54,18:09:06:160,Trial015,15 devant.png,0,2893.689,58,DarkKhaki,77.7554,Eye,Blink,Blink,2,2,0,0,0,0,-,-,-,-,-,-,-,-,0,0,0,0,0,0,0,0,0,0,0,0,0,0,0,0,0,-,-,-,-,-,-,-,-
96322,96322,2680584.233,18:09:06:177,Trial015,15 devant.png,0,2893.689,58,DarkKhaki,77.7554,Eye,Blink,Blink,2,2,885.7612,959.5668,0,0,-,-,-,-,-,-,-,-,0.0409,-0.1192,-0.992,0,0,0,40.502,61.3212,599.1458,0,0,0,476.6427,268.454,0,0,0,-,-,-,-,-,-,-,-
96323,96323,2680600.926,18:09:06:194,Trial015,15 devant.png,0,2893.689,58,DarkKhaki,77.7554,Eye,Fixation,Saccade,3,1,835.333,794.5954,808.9695,929.4349,-,-,-,-,-,-,-,-,0.0168,-0.0322,-0.9993,0.0184,-0.0884,-0.9959,40.5293,61.2395,599.3911,-20.442,55.1262,596.8948,477.0605,267.1733,721.2482,291.8033,0,-,-,-,-,-,-,-,-
96324,96324,2680617.618,18:09:06:210,Trial015,15 devant.png,0,2893.689,58,DarkKhaki,77.7554,Eye,Fixation,Fixation,3,3,830.8855,746.7002,790.9398,791.5961,-,-,-,-,-,-,-,-,0.0087,-0.0002,-1,-0.001,-0.0197,-0.9998,40.6102,61.199,599.5861,-20.4034,55.0649,596.5824,476.9463,266.7914,721.5184,290.5849,0,-,-,-,-,-,-,-,-
96325,96325,2680634.311,18:09:06:227,Trial015,15 devant.png,0,2893.689,58,DarkKhaki,77.7554,Eye,Fixation,Fixation,3,3,828.2117,761.2634,784.3701,776.9691,-,-,-,-,-,-,-,-,0.0073,-0.0139,-0.9999,-0.0117,-0.0066,-0.9999,40.6609,61.1902,599.7079,-20.3864,55.0735,596.4354,476.8049,267.1439,721.6793,290.239,0,-,-,-,-,-,-,-,-
96326,96326,2680651.004,18:09:06:244,Trial015,15 devant.png,0,2893.689,58,DarkKhaki,77.7554,Eye,Fixation,Fixation,3,3,827.1265,761.4829,793.0719,777.196,-,-,-,-,-,-,-,-,0.0058,-0.0142,-0.9999,0.0048,-0.0117,-0.9999,40.6406,61.1313,599.1498,-20.3841,55.0817,596.3165,476.7619,267.1563,721.3644,290.2612,0,-,-,-,-,-,-,-,-
96327,96327,2680667.697,18:09:06:260,Trial015,15 devant.png,0,2893.689,58,DarkKhaki,77.7554,Eye,Fixation,Fixation,3,3,827.6115,758.2159,798.6773,777.8832,-,-,-,-,-,-,-,-,0.0097,-0.0101,-0.9999,0.0077,-0.0137,-0.9999,40.5871,61.0377,598.1187,-20.388,55.1167,596.4004,476.6178,267.0268,721.3125,290.1914,0,-,-,-,-,-,-,-,-
96328,96328,2680684.391,18:09:06:277,Trial015,15 devant.png,0,2893.689,58,DarkKhaki,77.7554,Eye,Fixation,Fixation,3,3,828.3703,758.5256,796.8424,778.4023,-,-,-,-,-,-,-,-,0.0099,-0.0116,-0.9999,0.0043,-0.0142,-0.9999,40.5524,60.9945,597.8378,-20.3885,55.0818,596.0322,476.675,267.114,721.4317,290.2032,0,-,-,-,-,-,-,-,-
96329,96329,2680701.085,18:09:06:294,Trial015,15 devant.png,0,2893.689,58,DarkKhaki,77.7554,Eye,Fixation,Fixation,3,3,824.9165,759.8059,803.1532,778.8893,-,-,-,-,-,-,-,-,0.006,-0.0143,-0.9999,0.0083,-0.0145,-0.9999,40.5546,61.0174,598.1406,-20.3748,54.9835,595.0535,476.8264,267.1995,721.4334,290.2381,0,-,-,-,-,-,-,-,-
96330,96330,2680717.779,18:09:06:311,Trial015,15 devant.png,0,2893.689,58,DarkKhaki,77.7554,Eye,Fixation,Fixation,3,3,826.2126,760.6405,799.291,777.9223,-,-,-,-,-,-,-,-,0.0091,-0.0158,-0.9998,0.0023,-0.0107,-0.9999,40.593,61.1408,599.3399,-20.3615,54.8908,594.104,476.9395,267.2275,721.631,290.1812,0,-,-,-,-,-,-,-,-
96331,96331,2680734.473,18:09:06:327,Trial015,15 devant.png,0,2893.689,58,DarkKhaki,77.7554,Eye,Fixation,Fixation,3,3,829.7541,759.8107,802.3617,777.5401,-,-,-,-,-,-,-,-,0.014,-0.0129,-0.9998,0.0042,-0.0109,-0.9999,40.4762,61.1065,598.8193,-20.3882,54.8144,593.2992,477.17,267.095,721.8123,290.1909,0,-,-,-,-,-,-,-,-
96332,96332,2680751.168,18:09:06:344,Trial015,15 devant.png,0,2893.689,58,DarkKhaki,77.7554,Eye,Fixation,Fixation,3,3,825.4673,759.6488,809.0184,778.3778,-,-,-,-,-,-,-,-,0.0086,-0.0124,-0.9999,0.0106,-0.0152,-0.9998,40.3158,60.9811,597.5568,-20.5417,54.9453,594.2787,477.572,267.0673,722.1703,290.1164,0,-,-,-,-,-,-,-,-
96333,96333,2680767.862,18:09:06:361,Trial015,15 devant.png,0,2893.689,58,DarkKhaki,77.7554,Eye,Fixation,Fixation,3,3,829.2204,760.626,807.4971,777.1921,-,-,-,-,-,-,-,-,0.0181,-0.0158,-0.9997,0.0058,-0.0089,-0.9999,40.1993,61.107,598.1694,-20.577,54.8553,592.9895,478.0213,266.8811,722.588,289.8698,0,-,-,-,-,-,-,-,-
96334,96334,2680784.556,18:09:06:377,Trial015,15 devant.png,0,2893.689,58,DarkKhaki,77.7554,Eye,Fixation,Fixation,3,3,825.963,761.7761,810.1207,777.9908,-,-,-,-,-,-,-,-,0.0105,-0.0247,-0.9996,0.0131,-0.015,-0.9998,40.0623,61.1156,597.3447,-20.7486,54.9541,593.8404,478.496,266.6801,723.0169,289.9107,0,-,-,-,-,-,-,-,-
96335,96335,2680801.25,18:09:06:394,Trial015,15 devant.png,0,2893.689,58,DarkKhaki,77.7554,Eye,Fixation,Fixation,3,3,827.0689,762.5801,808.0314,778.2998,-,-,-,-,-,-,-,-,0.0129,-0.0163,-0.9998,0.0046,-0.0182,-0.9998,39.8985,61.1264,597.3284,-20.8049,54.819,592.6486,479.1024,266.4652,723.5813,290.0706,0,-,-,-,-,-,-,-,-
96336,96336,2680817.944,18:09:06:411,Trial015,15 devant.png,0,2893.689,58,DarkKhaki,77.7554,Eye,Fixation,Fixation,3,3,802.6163,761.5048,771.2993,778.1098,-,-,-,-,-,-,-,-,-0.0118,-0.0102,-0.9999,-0.0202,-0.0089,-0.9998,39.6882,61.2292,597.6626,-21.0299,54.839,593.005,480.5174,266.0737,724.9288,289.9429,0,-,-,-,-,-,-,-,-
96337,96337,2680834.638,18:09:06:427,Trial015,15 devant.png,0,2893.689,58,DarkKhaki,77.7554,Eye,Fixation,Fixation,3,3,805.6018,759.8031,793.4131,776.0997,-,-,-,-,-,-,-,-,-0.0056,-0.0065,-1,-0.0075,-0.0031,-1,39.4953,61.1441,596.8301,-21.0854,54.7081,592.1914,480.9472,265.9971,725.0218,290.05,0,-,-,-,-,-,-,-,-
96338,96338,2680851.332,18:09:06:444,Trial015,15 devant.png,0,2893.689,58,DarkKhaki,77.7554,Eye,Fixation,Fixation,3,3,797.1747,757.846,785.4539,776.0745,-,-,-,-,-,-,-,-,-0.0065,-0.0034,-1,-0.0089,-0.0095,-0.9999,39.3764,61.2335,597.1895,-21.2508,54.7583,592.8734,481.5389,265.7265,725.6179,290.2305,0,-,-,-,-,-,-,-,-
96339,96339,2680868.026,18:09:06:461,Trial015,15 devant.png,0,2893.689,58,DarkKhaki,77.7554,Eye,Saccade,Fixation,2,3,789.7212,757.442,778.3986,774.4547,-,-,-,-,-,-,-,-,-0.0075,-0.0074,-0.9999,-0.0099,-0.0062,-0.9999,39.2172,61.2067,596.4914,-21.3344,54.7078,592.5074,482.012,265.6225,726.0304,290.231,0,-,-,-,-,-,-,-,-
96340,96340,2680884.72,18:09:06:477,Trial015,15 devant.png,0,2893.689,58,DarkKhaki,77.7554,Eye,Fixation,Fixation,4,3,779.187,757.694,765.2431,774.2063,-,-,-,-,-,-,-,-,-0.0112,-0.0122,-0.9999,-0.0155,-0.0101,-0.9998,39.0701,61.28,596.4661,-21.487,54.8019,593.5019,482.6686,265.4108,726.6104,290.3023,0,-,-,-,-,-,-,-,-
96341,96341,2680901.414,18:09:06:494,Trial015,15 devant.png,0,2893.689,58,DarkKhaki,77.7554,Eye,Fixation,Fixation,4,3,778.7707,756.0349,764.3754,772.1451,-,-,-,-,-,-,-,-,-0.0083,-0.0089,-0.9999,-0.0128,-0.0035,-0.9999,38.9477,61.3358,596.3916,-21.5757,54.7663,592.9182,483.0846,265.0918,727.0027,290.0958,0,-,-,-,-,-,-,-,-
96342,96342,2680918.109,18:09:06:511,Trial015,15 devant.png,0,2893.689,58,DarkKhaki,77.7554,Eye,Fixation,Fixation,4,3,778.8722,756.4228,757.5758,767.6902,-,-,-,-,-,-,-,-,-0.0061,-0.0129,-0.9999,-0.0159,0.0038,-0.9999,38.8487,61.5068,596.9595,-21.7149,54.8914,594.0613,483.5899,264.7183,727.4563,289.8778,0,-,-,-,-,-,-,-,-
96343,96343,2680934.803,18:09:06:528,Trial015,15 devant.png,0,2893.689,58,DarkKhaki,77.7554,Eye,Fixation,Fixation,4,3,777.4621,756.5797,759.007,768.4543,-,-,-,-,-,-,-,-,-0.0051,-0.0136,-0.9999,-0.0122,-0.0067,-0.9999,38.7252,61.5602,596.3727,-21.8275,54.9859,594.4835,483.9122,264.274,727.7744,289.8617,0,-,-,-,-,-,-,-,-
96344,96344,2680951.497,18:09:06:544,Trial015,15 devant.png,0,2893.689,58,DarkKhaki,77.7554,Eye,Fixation,Fixation,4,3,778.7292,755.9215,753.7253,769.014,-,-,-,-,-,-,-,-,-0.0025,-0.0131,-0.9999,-0.0166,-0.0095,-0.9998,38.6866,61.725,597.4555,-21.8632,54.9913,593.8628,484.2995,264.0544,728.0978,289.6612,0,-,-,-,-,-,-,-,-
96345,96345,2680968.191,18:09:06:561,Trial015,15 devant.png,0,2893.689,58,DarkKhaki,77.7554,Eye,Fixation,Fixation,4,3,774.1356,753.4651,754.1608,770.2439,-,-,-,-,-,-,-,-,-0.0083,-0.0088,-0.9999,-0.0135,-0.0153,-0.9998,38.6415,61.8309,597.7502,-21.9754,55.1094,594.5744,484.6701,263.6691,728.3817,289.5672,0,-,-,-,-,-,-,-,-
96346,96346,2680984.885,18:09:06:578,Trial015,15 devant.png,0,2893.689,58,DarkKhaki,77.7554,Eye,Fixation,Fixation,4,3,771.7187,753.5069,753.0266,768.2782,-,-,-,-,-,-,-,-,-0.0108,-0.0145,-0.9998,-0.0125,-0.0106,-0.9999,38.5341,61.8789,597.1909,-22.0639,55.1885,595.2584,485.005,263.3527,728.6163,289.4124,0,-,-,-,-,-,-,-,-
96347,96347,2681001.579,18:09:06:594,Trial015,15 devant.png,0,2893.689,58,DarkKhaki,77.7554,Eye,Fixation,Fixation,4,3,773.0889,752.8769,753.8097,766.7363,-,-,-,-,-,-,-,-,-0.0058,-0.0093,-0.9999,-0.0133,-0.0053,-0.9999,38.4975,61.984,597.8507,-22.1157,55.1912,594.8062,485.2265,263.1058,728.9087,289.1269,0,-,-,-,-,-,-,-,-
96348,96348,2681018.273,18:09:06:611,Trial015,15 devant.png,0,2893.689,58,DarkKhaki,77.7554,Eye,Fixation,Fixation,4,3,776.2272,754.8753,752.0166,765.4198,-,-,-,-,-,-,-,-,0.0026,-0.0178,-0.9998,-0.0145,-0.0012,-0.9999,38.4598,62.0897,598.3307,-22.1122,55.1593,594.1897,485.3392,263.0486,729.0112,288.9436,0,-,-,-,-,-,-,-,-
96349,96349,2681034.967,18:09:06:628,Trial015,15 devant.png,0,2893.689,58,DarkKhaki,77.7554,Eye,Fixation,Fixation,4,3,773.5849,755.2448,750.2309,763.7926,-,-,-,-,-,-,-,-,-0.0074,-0.0111,-0.9999,-0.0157,-0.0013,-0.9999,38.4426,62.1249,598.4328,-22.1069,55.1357,593.6348,485.6277,262.8205,729.0993,288.8309,0,-,-,-,-,-,-,-,-
96350,96350,2681051.662,18:09:06:644,Trial015,15 devant.png,0,2893.689,58,DarkKhaki,77.7554,Eye,Fixation,Fixation,4,3,773.7687,754.8564,748.6253,764.2245,-,-,-,-,-,-,-,-,-0.0062,-0.0086,-0.9999,-0.0164,-0.0057,-0.9998,38.4503,62.1573,598.6029,-22.11,55.1692,593.4742,485.6189,262.7134,729.1484,288.722,0,-,-,-,-,-,-,-,-
96351,96351,2681068.356,18:09:06:661,Trial015,15 devant.png,0,2893.689,58,DarkKhaki,77.7554,Eye,Fixation,Fixation,4,3,774.4036,754.229,748.6858,765.8278,-,-,-,-,-,-,-,-,-0.0065,-0.0102,-0.9999,-0.0146,-0.0127,-0.9998,38.4663,62.1751,598.8035,-22.0831,55.2009,593.6117,485.6118,262.756,728.9846,288.7833,0,-,-,-,-,-,-,-,-
96352,96352,2681085.05,18:09:06:678,Trial015,15 devant.png,0,2893.689,58,DarkKhaki,77.7554,Eye,Fixation,Fixation,4,3,779.5996,753.488,747.0817,764.599,-,-,-,-,-,-,-,-,0.0037,-0.008,-1,-0.0182,-0.0051,-0.9998,38.495,62.194,599.0535,-22.0749,55.2624,594.2306,485.3638,262.7422,728.9284,288.6201,0,-,-,-,-,-,-,-,-
96353,96353,2681101.744,18:09:06:694,Trial015,15 devant.png,0,2893.689,58,DarkKhaki,77.7554,Eye,Fixation,Fixation,4,3,778.7318,751.0358,748.4962,765.6213,-,-,-,-,-,-,-,-,-0.0022,-0.0028,-1,-0.0115,-0.0055,-0.9999,38.5649,62.1697,599.125,-22.0769,55.339,594.9565,485.2175,262.7694,728.6945,288.5919,0,-,-,-,-,-,-,-,-
96354,96354,2681118.438,18:09:06:711,Trial015,15 devant.png,0,2893.689,58,DarkKhaki,77.7554,Eye,Fixation,Fixation,4,3,776.6082,748.9211,750.7046,765.7769,-,-,-,-,-,-,-,-,-0.0075,-0.0028,-1,-0.0067,-0.0076,-0.9999,38.6393,62.0944,598.3456,-22.0289,55.3798,595.1286,484.8199,262.7436,728.3823,288.5341,0,-,-,-,-,-,-,-,-
96355,96355,2681135.132,18:09:06:728,Trial015,15 devant.png,0,2893.689,58,DarkKhaki,77.7554,Eye,Fixation,Fixation,4,3,760.1655,750.1712,743.9426,766.882,-,-,-,-,-,-,-,-,-0.0246,-0.0138,-0.9996,-0.0264,-0.0123,-0.9996,38.6019,61.9839,597.5056,-21.961,55.3544,594.8033,485.0853,263.0508,728.5433,288.6062,0,-,-,-,-,-,-,-,-
96356,96356,2681151.826,18:09:06:745,Trial015,15 devant.png,0,2893.689,58,DarkKhaki,77.7554,Eye,Fixation,Fixation,4,3,770.3372,749.9088,741.225,764.759,-,-,-,-,-,-,-,-,-0.0115,-0.0105,-0.9999,-0.0248,-0.0061,-0.9997,38.7618,62.1041,598.6953,-21.8578,55.3922,595.4779,484.4979,263.002,727.9934,288.5865,0,-,-,-,-,-,-,-,-
96357,96357,2681168.52,18:09:06:761,Trial015,15 devant.png,0,2893.689,58,DarkKhaki,77.7554,Eye,Fixation,Saccade,4,2,764.5681,749.4972,739.4147,765.085,-,-,-,-,-,-,-,-,-0.0166,-0.0111,-0.9998,-0.0232,-0.0098,-0.9997,38.8478,61.9652,597.6568,-21.7439,55.3806,595.1544,483.9808,263.135,727.5519,288.5849,0,-,-,-,-,-,-,-,-
96358,96358,2681185.214,18:09:06:778,Trial015,15 devant.png,0,2893.689,58,DarkKhaki,77.7554,Eye,Fixation,Fixation,4,4,764.1384,750.5642,734.5884,766.9573,-,-,-,-,-,-,-,-,-0.0144,-0.0139,-0.9998,-0.0268,-0.0135,-0.9995,38.9934,61.9777,598.0187,-21.6219,55.4213,595.7637,483.4496,263.2924,727.0407,288.7231,0,-,-,-,-,-,-,-,-
96359,96359,2681201.909,18:09:06:795,Trial015,15 devant.png,0,2893.689,58,DarkKhaki,77.7554,Eye,Fixation,Fixation,4,4,758.8087,750.336,736.2144,768.7495,-,-,-,-,-,-,-,-,-0.0173,-0.0143,-0.9997,-0.0211,-0.013,-0.9997,39.1608,61.9466,598.0988,-21.4902,55.4291,595.5779,482.8567,263.4577,726.4266,288.6119,0,-,-,-,-,-,-,-,-
96360,96360,2681218.603,18:09:06:811,Trial015,15 devant.png,0,2893.689,58,DarkKhaki,77.7554,Eye,Fixation,Fixation,4,4,758.4733,752.8555,732.871,769.1817,-,-,-,-,-,-,-,-,-0.0154,-0.0201,-0.9997,-0.0245,-0.0081,-0.9997,39.274,61.9153,597.7184,-21.3789,55.4643,595.9927,482.2637,263.5372,725.985,288.531,0,-,-,-,-,-,-,-,-
96361,96361,2681235.297,18:09:06:828,Trial015,15 devant.png,0,2893.689,58,DarkKhaki,77.7554,Eye,Fixation,Fixation,4,4,758.1073,752.9954,730.7599,769.3988,-,-,-,-,-,-,-,-,-0.0139,-0.0135,-0.9998,-0.0254,-0.0083,-0.9996,39.4197,61.9158,598.0535,-21.2792,55.5638,596.4693,481.7399,263.5466,725.5317,288.3143,0,-,-,-,-,-,-,-,-
96362,96362,2681251.991,18:09:06:845,Trial015,15 devant.png,0,2893.689,58,DarkKhaki,77.7554,Eye,Fixation,Fixation,4,4,760.4072,755.4223,729.5388,769.0512,-,-,-,-,-,-,-,-,-0.0098,-0.0187,-0.9998,-0.0243,-0.0101,-0.9997,39.4784,61.9139,597.6529,-21.176,55.5618,595.9355,481.3183,263.4877,725.1733,288.1559,0,-,-,-,-,-,-,-,-
96363,96363,2681268.685,18:09:06:861,Trial015,15 devant.png,0,2893.689,58,DarkKhaki,77.7554,Eye,Fixation,Fixation,4,4,753.1199,756.4128,729.1416,770.1808,-,-,-,-,-,-,-,-,-0.0188,-0.0156,-0.9997,-0.0235,-0.0122,-0.9997,39.5738,61.8683,597.2257,-21.1356,55.6791,596.4845,480.9973,263.4316,724.9145,287.9332,0,-,-,-,-,-,-,-,-
96364,96364,2681285.379,18:09:06:878,Trial015,15 devant.png,0,2893.689,58,DarkKhaki,77.7554,Eye,Fixation,Fixation,4,4,753.3489,757.3142,729.5105,771.2396,-,-,-,-,-,-,-,-,-0.0144,-0.0123,-0.9998,-0.0198,-0.0125,-0.9997,39.6252,61.8719,597.3926,-21.088,55.6906,596.1524,480.7495,263.4234,724.6995,287.766,0,-,-,-,-,-,-,-,-
96365,96365,2681302.073,18:09:06:895,Trial015,15 devant.png,0,2893.689,58,DarkKhaki,77.7554,Eye,Fixation,Fixation,4,4,754.1004,758.341,728.0894,771.5933,-,-,-,-,-,-,-,-,-0.0111,-0.0115,-0.9999,-0.0204,-0.0106,-0.9997,39.6511,61.8701,597.4255,-21.0508,55.6689,595.6795,480.5897,263.4273,724.6302,287.6371,0,-,-,-,-,-,-,-,-
96366,96366,2681318.767,18:09:06:912,Trial015,15 devant.png,0,2893.689,58,DarkKhaki,77.7554,Eye,Fixation,Fixation,4,4,759.3594,758.7319,729.5534,771.4063,-,-,-,-,-,-,-,-,-0.0054,-0.0148,-0.9999,-0.0211,-0.0114,-0.9997,39.6554,61.862,597.3818,-21.052,55.689,595.6734,480.4496,263.5068,724.65,287.5691,0,-,-,-,-,-,-,-,-
96367,96367,2681335.461,18:09:06:928,Trial015,15 devant.png,0,2893.689,58,DarkKhaki,77.7554,Eye,Fixation,Fixation,4,4,759.964,759.3401,731.1612,771.5338,-,-,-,-,-,-,-,-,-0.0087,-0.0143,-0.9999,-0.0199,-0.0086,-0.9998,39.65,61.8597,597.3469,-21.0694,55.689,595.7216,480.5258,263.4905,724.6879,287.5326,0,-,-,-,-,-,-,-,-
96368,96368,2681352.156,18:09:06:945,Trial015,15 devant.png,0,2893.689,58,DarkKhaki,77.7554,Eye,Fixation,Fixation,4,4,760.614,758.4756,730.2796,771.0958,-,-,-,-,-,-,-,-,-0.0116,-0.0081,-0.9999,-0.0255,-0.0083,-0.9996,39.6451,61.8829,597.4559,-21.1031,55.7092,595.9836,480.6317,263.3237,724.8952,287.5452,0,-,-,-,-,-,-,-,-
96369,96369,2681368.85,18:09:06:962,Trial015,15 devant.png,0,2893.689,58,DarkKhaki,77.7554,Eye,Fixation,Fixation,4,4,761.6903,758.8712,726.7923,771.3546,-,-,-,-,-,-,-,-,-0.0114,-0.0143,-0.9998,-0.0337,-0.0138,-0.9993,39.5826,61.8693,597.017,-21.1419,55.7445,596.2515,480.7608,263.3153,725.1729,287.6135,0,-,-,-,-,-,-,-,-
96370,96370,2681385.544,18:09:06:978,Trial015,15 devant.png,0,2893.689,58,DarkKhaki,77.7554,Eye,Fixation,Fixation,4,4,762.9102,759.3269,729.4476,773.0427,-,-,-,-,-,-,-,-,-0.0117,-0.0159,-0.9998,-0.0223,-0.0197,-0.9996,39.4795,61.7729,595.8411,-21.1726,55.7477,596.0018,480.8657,263.2396,725.1095,287.6212,0,-,-,-,-,-,-,-,-
96371,96371,2681402.238,18:09:06:995,Trial015,15 devant.png,0,2893.689,58,DarkKhaki,77.7554,Eye,Fixation,Fixation,4,4,754.5434,761.4336,731.7482,773.3035,-,-,-,-,-,-,-,-,-0.0263,-0.0257,-0.9993,-0.0185,-0.0127,-0.9997,39.414,61.7494,595.2238,-21.1565,55.6877,595.0904,481.2503,263.2676,725.1024,287.3792,0,-,-,-,-,-,-,-,-
96372,96372,2681418.932,18:09:07:012,Trial015,15 devant.png,0,2893.689,58,DarkKhaki,77.7554,Eye,Blink,Blink,3,3,0,0,0,0,-,-,-,-,-,-,-,-,0,0,0,0,0,0,0,0,0,0,0,0,0,0,0,0,0,-,-,-,-,-,-,-,-
96373,96373,2681435.626,18:09:07:028,Trial015,15 devant.png,0,2893.689,58,DarkKhaki,77.7554,Eye,Blink,Blink,3,3,0,0,0,0,-,-,-,-,-,-,-,-,0,0,0,0,0,0,0,0,0,0,0,0,0,0,0,0,0,-,-,-,-,-,-,-,-
96374,96374,2681452.32,18:09:07:045,Trial015,15 devant.png,0,2893.689,58,DarkKhaki,77.7554,Eye,Blink,Blink,3,3,0,0,0,0,-,-,-,-,-,-,-,-,0,0,0,0,0,0,0,0,0,0,0,0,0,0,0,0,0,-,-,-,-,-,-,-,-
96375,96375,2681469.014,18:09:07:062,Trial015,15 devant.png,0,2893.689,58,DarkKhaki,77.7554,Eye,Blink,Blink,3,3,0,0,0,0,-,-,-,-,-,-,-,-,0,0,0,0,0,0,0,0,0,0,0,0,0,0,0,0,0,-,-,-,-,-,-,-,-
96376,96376,2681485.709,18:09:07:078,Trial015,15 devant.png,0,2893.689,58,DarkKhaki,77.7554,Eye,Blink,Blink,3,3,0,0,0,0,-,-,-,-,-,-,-,-,0,0,0,0,0,0,0,0,0,0,0,0,0,0,0,0,0,-,-,-,-,-,-,-,-
96377,96377,2681502.403,18:09:07:095,Trial015,15 devant.png,0,2893.689,58,DarkKhaki,77.7554,Eye,Blink,Blink,3,3,0,0,0,0,-,-,-,-,-,-,-,-,0,0,0,0,0,0,0,0,0,0,0,0,0,0,0,0,0,-,-,-,-,-,-,-,-
96378,96378,2681519.097,18:09:07:112,Trial015,15 devant.png,0,2893.689,58,DarkKhaki,77.7554,Eye,Fixation,Fixation,5,5,760.8327,332.3673,734.8456,318.5906,-,-,-,-,-,-,-,-,-0.0122,0.229,-0.9733,-0.014,0.2282,-0.9735,39.5414,62.5535,596.3244,-21.069,56.4922,595.9361,480.7851,255.5411,724.527,279.7742,0,-,-,-,-,-,-,-,-
96379,96379,2681535.794,18:09:07:129,Trial015,15 devant.png,0,2893.689,58,DarkKhaki,77.7554,Eye,Fixation,Fixation,5,5,763.6228,332.4726,738.1487,316.9106,-,-,-,-,-,-,-,-,-0.006,0.2289,-0.9734,-0.0121,0.2298,-0.9732,39.5687,62.4679,596.6418,-21.0601,56.4127,596.6089,480.6385,256.024,724.357,280.326,0,-,-,-,-,-,-,-,-
96380,96380,2681552.492,18:09:07:145,Trial015,15 devant.png,0,2893.689,58,DarkKhaki,77.7554,Eye,Fixation,Fixation,5,5,765.0085,334.9646,741.1215,320.2072,-,-,-,-,-,-,-,-,-0.0077,0.2242,-0.9745,-0.0115,0.2231,-0.9747,39.6408,62.4664,597.3798,-21.0918,56.4405,597.3846,480.5795,256.4391,724.3624,280.6466,0,-,-,-,-,-,-,-,-
96381,96381,2681569.189,18:09:07:162,Trial015,15 devant.png,0,2893.689,58,DarkKhaki,77.7554,Eye,Fixation,Fixation,5,5,765.9079,334.5536,742.6236,315.9138,-,-,-,-,-,-,-,-,-0.0082,0.2269,-0.9739,-0.0124,0.2336,-0.9722,39.745,62.5543,598.946,-21.1799,56.473,599.2344,480.5926,256.7071,724.4662,281.0311,0,-,-,-,-,-,-,-,-
96382,96382,2681585.886,18:09:07:179,Trial015,15 devant.png,0,2893.689,58,DarkKhaki,77.7554,Eye,Fixation,Fixation,5,5,765.1977,331.458,750.6237,315.0628,-,-,-,-,-,-,-,-,-0.0101,0.2338,-0.9722,-0.0039,0.2298,-0.9732,39.828,62.6124,600.0756,-21.2136,56.4841,600.0637,480.6018,256.8261,724.3166,281.382,0,-,-,-,-,-,-,-,-
96383,96383,2681602.584,18:09:07:195,Trial015,15 devant.png,0,2893.689,58,DarkKhaki,77.7554,Eye,Fixation,Fixation,5,5,766.3346,331.194,753.0307,313.6376,-,-,-,-,-,-,-,-,-0.0052,0.2284,-0.9736,-0.0065,0.231,-0.9729,39.8909,62.6675,601.0311,-21.2684,56.5398,600.9558,480.5081,257.1185,724.4588,281.4801,0,-,-,-,-,-,-,-,-
96384,96384,2681619.282,18:09:07:212,Trial015,15 devant.png,0,2893.689,58,DarkKhaki,77.7554,Eye,Fixation,Fixation,5,5,768.1536,328.7197,757.8239,312.1884,-,-,-,-,-,-,-,-,-0.003,0.2345,-0.9721,-0.0046,0.232,-0.9727,39.9742,62.7271,601.9677,-21.3,56.5842,601.6759,480.3847,257.1639,724.4462,281.5626,0,-,-,-,-,-,-,-,-
96385,96385,2681635.98,18:09:07:229,Trial015,15 devant.png,0,2893.689,58,DarkKhaki,77.7554,Eye,Fixation,Fixation,5,5,769.247,327.0165,757.0394,312.7536,-,-,-,-,-,-,-,-,-0.0049,0.2341,-0.9722,-0.0101,0.2268,-0.9739,40.0525,62.7997,602.8324,-21.3198,56.6311,602.2522,480.3394,257.2492,724.5513,281.6967,0,-,-,-,-,-,-,-,-
96386,96386,2681652.678,18:09:07:245,Trial015,15 devant.png,0,2893.689,58,DarkKhaki,77.7554,Eye,Fixation,Fixation,5,5,771.3378,323.0693,763.854,312.1454,-,-,-,-,-,-,-,-,-0.0036,0.2412,-0.9705,-0.0016,0.2287,-0.9735,40.1339,62.8875,603.579,-21.3242,56.6896,602.8058,480.1918,257.0827,724.3242,281.6405,0,-,-,-,-,-,-,-,-
96387,96387,2681669.376,18:09:07:262,Trial015,15 devant.png,0,2893.689,58,DarkKhaki,77.7554,Eye,Fixation,Fixation,5,5,770.7847,320.8394,764.2716,311.5371,-,-,-,-,-,-,-,-,-0.008,0.2403,-0.9707,-0.0066,0.2298,-0.9732,40.1731,62.9052,603.7036,-21.2964,56.719,603.057,480.1556,257.0823,724.2743,281.5988,0,-,-,-,-,-,-,-,-
96388,96388,2681686.075,18:09:07:279,Trial015,15 devant.png,0,2893.689,58,DarkKhaki,77.7554,Eye,Fixation,Fixation,5,5,770.5447,320.2281,763.3622,312.6162,-,-,-,-,-,-,-,-,-0.0126,0.2369,-0.9714,-0.0126,0.2239,-0.9745,40.226,62.9019,603.6884,-21.2495,56.6785,602.7743,480.0299,257.1538,724.2462,281.7647,0,-,-,-,-,-,-,-,-
96389,96389,2681702.773,18:09:07:296,Trial015,15 devant.png,0,2893.689,58,DarkKhaki,77.7554,Eye,Fixation,Fixation,5,5,771.9939,319.2024,765.9682,312.7205,-,-,-,-,-,-,-,-,-0.0085,0.2343,-0.9721,-0.0075,0.2249,-0.9744,40.2887,62.8834,603.7903,-21.1507,56.5074,601.5651,479.7272,257.3206,723.9237,281.9624,0,-,-,-,-,-,-,-,-
96390,96390,2681719.471,18:09:07:312,Trial015,15 devant.png,0,2893.689,58,DarkKhaki,77.7554,Eye,Fixation,Fixation,5,5,772.2982,316.5186,767.5232,311.5547,-,-,-,-,-,-,-,-,-0.0067,0.238,-0.9712,-0.0064,0.2314,-0.9728,40.3647,62.9054,604.1984,-21.1053,56.4627,601.47,479.5001,257.336,723.7336,281.9788,0,-,-,-,-,-,-,-,-
96391,96391,2681736.169,18:09:07:329,Trial015,15 devant.png,0,2893.689,58,DarkKhaki,77.7554,Eye,Fixation,Fixation,5,5,774.3068,314.3693,769.0329,309.5352,-,-,-,-,-,-,-,-,-0.0025,0.2384,-0.9712,-0.0056,0.2334,-0.9724,40.3891,62.8593,603.6973,-21.0866,56.5279,602.3213,479.1886,257.2974,723.5247,282.0081,0,-,-,-,-,-,-,-,-
96392,96392,2681752.867,18:09:07:346,Trial015,15 devant.png,0,2893.689,58,DarkKhaki,77.7554,Eye,Fixation,Fixation,5,5,773.2702,313.3207,768.9156,307.5942,-,-,-,-,-,-,-,-,-0.0094,0.2353,-0.9719,-0.0099,0.24,-0.9707,40.4954,62.8353,603.4615,-20.9335,56.4184,601.4348,478.8356,257.3523,723.1217,281.9765,0,-,-,-,-,-,-,-,-
96393,96393,2681769.565,18:09:07:362,Trial015,15 devant.png,0,2893.689,58,DarkKhaki,77.7554,Eye,Fixation,Fixation,5,5,774.2943,311.7976,768.3982,306.046,-,-,-,-,-,-,-,-,-0.0073,0.2396,-0.9709,-0.0081,0.2387,-0.9711,40.5813,62.8728,603.8519,-20.8504,56.3535,600.7828,478.5603,257.2879,722.8462,282.0092,0,-,-,-,-,-,-,-,-
96394,96394,2681786.263,18:09:07:379,Trial015,15 devant.png,0,2893.689,58,DarkKhaki,77.7554,Eye,Fixation,Fixation,5,5,776.7406,311.0146,768.6687,305.5027,-,-,-,-,-,-,-,-,-0.0006,0.2356,-0.9719,-0.0069,0.2354,-0.9719,40.618,62.8201,603.4357,-20.8055,56.3995,601.3602,478.1708,257.3964,722.5636,282.1112,0,-,-,-,-,-,-,-,-
96395,96395,2681802.962,18:09:07:396,Trial015,15 devant.png,0,2893.689,58,DarkKhaki,77.7554,Eye,Fixation,Fixation,5,5,772.1719,310.647,768.1036,304.4225,-,-,-,-,-,-,-,-,-0.0137,0.2369,-0.9714,-0.008,0.2369,-0.9715,40.6958,62.7205,602.7663,-20.6949,56.3581,601.4675,477.9363,257.484,722.1301,282.2889,0,-,-,-,-,-,-,-,-
96396,96396,2681819.66,18:09:07:412,Trial015,15 devant.png,0,2893.689,58,DarkKhaki,77.7554,Eye,Fixation,Fixation,5,5,772.0619,309.5437,768.187,305.0588,-,-,-,-,-,-,-,-,-0.0099,0.2406,-0.9706,-0.0097,0.2301,-0.9731,40.8202,62.7835,603.7702,-20.6079,56.2644,600.7656,477.6406,257.5885,721.913,282.523,0,-,-,-,-,-,-,-,-
96397,96397,2681836.358,18:09:07:429,Trial015,15 devant.png,0,2893.689,58,DarkKhaki,77.7554,Eye,Fixation,Fixation,5,5,774.7205,308.8528,767.3719,304.4796,-,-,-,-,-,-,-,-,-0.0021,0.2438,-0.9698,-0.0082,0.2321,-0.9726,40.9135,62.7966,604.153,-20.5609,56.2711,601.392,477.2227,257.6378,721.6095,282.698,0,-,-,-,-,-,-,-,-
96398,96398,2681853.056,18:09:07:446,Trial015,15 devant.png,0,2893.689,58,DarkKhaki,77.7554,Eye,Fixation,Fixation,5,5,772.1504,308.0918,768.3497,305.2433,-,-,-,-,-,-,-,-,-0.0109,0.2444,-0.9696,-0.005,0.2294,-0.9733,40.9665,62.7068,603.449,-20.4577,56.1848,600.7322,476.9919,257.6845,721.2281,282.8416,0,-,-,-,-,-,-,-,-
96399,96399,2681869.754,18:09:07:463,Trial015,15 devant.png,0,2893.689,58,DarkKhaki,77.7554,Eye,Fixation,Fixation,5,5,771.968,307.8934,769.0693,304.0462,-,-,-,-,-,-,-,-,-0.0123,0.2399,-0.9707,-0.0088,0.2332,-0.9724,41.0181,62.6757,603.2546,-20.3198,56.0432,599.5495,476.7603,257.8113,720.9126,282.8801,0,-,-,-,-,-,-,-,-
96400,96400,2681886.452,18:09:07:479,Trial015,15 devant.png,0,2893.689,58,DarkKhaki,77.7554,Eye,Fixation,Fixation,5,5,774.7367,306.7147,769.2216,303.3392,-,-,-,-,-,-,-,-,-0.0051,0.242,-0.9703,-0.0083,0.2325,-0.9726,41.1208,62.6931,603.6997,-20.2815,56.069,600.0684,476.3355,257.8906,720.6782,282.9894,0,-,-,-,-,-,-,-,-
96401,96401,2681903.15,18:09:07:496,Trial015,15 devant.png,0,2893.689,58,DarkKhaki,77.7554,Eye,Fixation,Fixation,5,5,773.3282,305.7698,769.9272,301.6339,-,-,-,-,-,-,-,-,-0.0095,0.2439,-0.9698,-0.0057,0.2399,-0.9708,41.2223,62.6462,603.6156,-20.2133,56.067,600.4121,475.9948,258.0051,720.307,282.9881,0,-,-,-,-,-,-,-,-
96402,96402,2681919.849,18:09:07:513,Trial015,15 devant.png,0,2893.689,58,DarkKhaki,77.7554,Eye,Saccade,Saccade,3,3,772.6734,305.6919,769.5029,300.1361,-,-,-,-,-,-,-,-,-0.0085,0.2404,-0.9706,-0.0087,0.243,-0.97,41.2837,62.5994,603.3368,-20.0729,55.9539,599.4585,475.6554,258.1396,719.9345,283.0137,0,-,-,-,-,-,-,-,-
96403,96403,2681936.547,18:09:07:529,Trial015,15 devant.png,0,2893.689,58,DarkKhaki,77.7554,Eye,Saccade,Fixation,3,6,771.6762,207.7196,766.5489,185.5865,-,-,-,-,-,-,-,-,-0.0106,0.3025,-0.9531,-0.0188,0.3003,-0.9537,41.3772,63.0355,604.5926,-20.0327,56.476,601.0022,475.6892,255.7575,719.754,280.4209,0,-,-,-,-,-,-,-,-
96404,96404,2681953.245,18:09:07:546,Trial015,15 devant.png,0,2893.689,58,DarkKhaki,77.7554,Eye,Fixation,Fixation,6,6,766.6218,129.8965,761.7585,133.7834,-,-,-,-,-,-,-,-,-0.0178,0.3455,-0.9383,-0.0221,0.3318,-0.9431,41.4961,63.4929,606.1276,-19.8842,56.9029,602.0931,475.7947,253.7847,719.076,278.539,0,-,-,-,-,-,-,-,-
96405,96405,2681969.943,18:09:07:563,Trial015,15 devant.png,0,2893.689,58,DarkKhaki,77.7554,Eye,Fixation,Fixation,6,6,767.9536,104.8215,764.3007,115.1589,-,-,-,-,-,-,-,-,-0.0085,0.3627,-0.9318,-0.0126,0.3406,-0.9401,41.6726,63.7383,607.6924,-19.8427,57.0919,603.3158,475.3495,253.1569,718.562,278.0956,0,-,-,-,-,-,-,-,-
96406,96406,2681986.641,18:09:07:579,Trial015,15 devant.png,0,2893.689,58,DarkKhaki,77.7554,Eye,Fixation,Fixation,6,6,766.7822,95.487,759.661,106.2742,-,-,-,-,-,-,-,-,-0.0127,0.3667,-0.9303,-0.0194,0.3465,-0.9378,41.867,63.8088,608.2951,-19.7276,57.051,602.7813,474.832,253.0632,718.3054,277.9355,0,-,-,-,-,-,-,-,-
96407,96407,2682003.339,18:09:07:596,Trial015,15 devant.png,0,2893.689,58,DarkKhaki,77.7554,Eye,Fixation,Fixation,6,6,769.473,90.7244,759.8745,103.9095,-,-,-,-,-,-,-,-,-0.0053,0.3676,-0.93,-0.016,0.3448,-0.9385,42.0274,63.9172,609.3961,-19.6705,57.0821,603.0636,474.3584,253.0899,717.975,277.9548,0,-,-,-,-,-,-,-,-
96408,96408,2682020.037,18:09:07:613,Trial015,15 devant.png,0,2893.689,58,DarkKhaki,77.7554,Eye,Fixation,Fixation,6,6,766.9203,88.6678,756.5848,100.9313,-,-,-,-,-,-,-,-,-0.0099,0.367,-0.9302,-0.0193,0.3458,-0.9381,42.1698,63.9439,609.5273,-19.6527,57.2208,604.5719,473.9222,253.0524,717.7706,277.9734,0,-,-,-,-,-,-,-,-
96409,96409,2682036.736,18:09:07:629,Trial015,15 devant.png,0,2893.689,58,DarkKhaki,77.7554,Eye,Fixation,Fixation,6,6,764.3159,85.8321,756.0704,98.5959,-,-,-,-,-,-,-,-,-0.0156,0.369,-0.9293,-0.0163,0.3469,-0.9378,42.2871,64.0346,610.1842,-19.5597,57.2561,604.6277,473.7535,252.9385,717.3366,277.835,0,-,-,-,-,-,-,-,-
96410,96410,2682053.434,18:09:07:646,Trial015,15 devant.png,0,2893.689,58,DarkKhaki,77.7554,Eye,Fixation,Fixation,6,6,766.2187,85.4335,757.7079,97.9115,-,-,-,-,-,-,-,-,-0.0094,0.366,-0.9306,-0.0114,0.3448,-0.9386,42.4144,64.1183,610.7462,-19.503,57.2872,604.7586,473.2867,252.9071,716.9997,277.8026,0,-,-,-,-,-,-,-,-
96411,96411,2682070.132,18:09:07:663,Trial015,15 devant.png,0,2893.689,58,DarkKhaki,77.7554,Eye,Fixation,-,6,-,763.2099,83.4306,754.1022,94.8388,-,-,-,-,-,-,-,-,-0.0142,0.3699,-0.929,-0.0184,0.3507,-0.9363,42.4549,64.0521,610.1193,-19.4662,57.322,604.9935,473.0499,252.8251,716.9591,277.6437,0,-,-,-,-,-,-,-,-
96412,96412,2682086.83,18:09:07:680,Trial015,15 devant.png,0,2893.689,58,DarkKhaki,77.7554,Eye,Fixation,-,6,-,761.7459,83.4025,755.5052,94.332,-,-,-,-,-,-,-,-,-0.0148,0.3664,-0.9303,-0.0116,0.3468,-0.9379,42.5422,64.1148,610.5588,-19.424,57.3815,605.4146,472.8368,252.8331,716.6066,277.6462,0,-,-,-,-,-,-,-,-
96413,96413,2682103.528,18:09:07:696,Trial015,15 devant.png,0,2893.689,58,DarkKhaki,77.7554,Eye,Fixation,-,6,-,764.3433,80.9832,751.8767,92.6772,-,-,-,-,-,-,-,-,-0.0054,0.3717,-0.9283,-0.0203,0.3495,-0.9367,42.6621,64.2429,611.6412,-19.3671,57.4059,605.5932,472.4876,252.691,716.5277,277.5671,0,-,-,-,-,-,-,-,-
96414,96414,2682120.226,18:09:07:713,Trial015,15 devant.png,0,2893.689,58,DarkKhaki,77.7554,Eye,Fixation,-,6,-,766.794,79.6461,751.382,91.3845,-,-,-,-,-,-,-,-,-0.0042,0.3709,-0.9286,-0.0216,0.35,-0.9365,42.787,64.3339,612.5243,-19.3091,57.3882,605.4776,472.2164,252.7259,716.338,277.5834,0,-,-,-,-,-,-,-,-
96415,96415,2682136.924,18:09:07:730,Trial015,15 devant.png,0,2893.689,58,DarkKhaki,77.7554,Eye,Fixation,-,6,-,770.924,79.0518,750.5688,92.3407,-,-,-,-,-,-,-,-,-0.0023,0.3638,-0.9315,-0.024,0.3376,-0.941,42.8307,64.3018,612.1718,-19.2702,57.3294,604.7269,471.9095,252.8362,716.3289,277.7599,0,-,-,-,-,-,-,-,-
96416,96416,2682153.623,18:09:07:746,Trial015,15 devant.png,0,2893.689,58,DarkKhaki,77.7554,Eye,Blink,Blink,4,4,0,0,0,0,-,-,-,-,-,-,-,-,0,0,0,0,0,0,0,0,0,0,0,0,0,0,0,0,0,-,-,-,-,-,-,-,-
96417,96417,2682170.321,18:09:07:763,Trial015,15 devant.png,0,2893.689,58,DarkKhaki,77.7554,Eye,Blink,Blink,4,4,0,0,0,0,-,-,-,-,-,-,-,-,0,0,0,0,0,0,0,0,0,0,0,0,0,0,0,0,0,-,-,-,-,-,-,-,-
96418,96418,2682187.019,18:09:07:780,Trial015,15 devant.png,0,2893.689,58,DarkKhaki,77.7554,Eye,Blink,Blink,4,4,0,0,0,0,-,-,-,-,-,-,-,-,0,0,0,0,0,0,0,0,0,0,0,0,0,0,0,0,0,-,-,-,-,-,-,-,-
96419,96419,2682203.717,18:09:07:796,Trial015,15 devant.png,0,2893.689,58,DarkKhaki,77.7554,Eye,Blink,Blink,4,4,0,0,0,0,-,-,-,-,-,-,-,-,0,0,0,0,0,0,0,0,0,0,0,0,0,0,0,0,0,-,-,-,-,-,-,-,-
96420,96420,2682220.415,18:09:07:813,Trial015,15 devant.png,0,2893.689,58,DarkKhaki,77.7554,Eye,Blink,Blink,4,4,0,0,0,0,-,-,-,-,-,-,-,-,0,0,0,0,0,0,0,0,0,0,0,0,0,0,0,0,0,-,-,-,-,-,-,-,-
96421,96421,2682237.113,18:09:07:830,Trial015,15 devant.png,0,2893.689,58,DarkKhaki,77.7554,Eye,Blink,Blink,4,4,0,0,0,0,-,-,-,-,-,-,-,-,0,0,0,0,0,0,0,0,0,0,0,0,0,0,0,0,0,-,-,-,-,-,-,-,-
96422,96422,2682253.811,18:09:07:847,Trial015,15 devant.png,0,2893.689,58,DarkKhaki,77.7554,Eye,Blink,Blink,4,4,0,0,0,0,-,-,-,-,-,-,-,-,0,0,0,0,0,0,0,0,0,0,0,0,0,0,0,0,0,-,-,-,-,-,-,-,-
96423,96423,2682270.51,18:09:07:863,Trial015,15 devant.png,0,2893.689,58,DarkKhaki,77.7554,Eye,Blink,Blink,4,4,0,0,0,0,-,-,-,-,-,-,-,-,0,0,0,0,0,0,0,0,0,0,0,0,0,0,0,0,0,-,-,-,-,-,-,-,-
96424,96424,2682287.208,18:09:07:880,Trial015,15 devant.png,0,2893.689,58,DarkKhaki,77.7554,Eye,Blink,Blink,4,4,0,0,0,0,-,-,-,-,-,-,-,-,0,0,0,0,0,0,0,0,0,0,0,0,0,0,0,0,0,-,-,-,-,-,-,-,-
96425,96425,2682303.906,18:09:07:897,Trial015,15 devant.png,0,2893.689,58,DarkKhaki,77.7554,Eye,Blink,Blink,4,4,0,0,0,0,-,-,-,-,-,-,-,-,0,0,0,0,0,0,0,0,0,0,0,0,0,0,0,0,0,-,-,-,-,-,-,-,-
96426,96426,2682320.604,18:09:07:913,Trial015,15 devant.png,0,2893.689,58,DarkKhaki,77.7554,Eye,Blink,Blink,4,4,0,0,0,0,-,-,-,-,-,-,-,-,0,0,0,0,0,0,0,0,0,0,0,0,0,0,0,0,0,-,-,-,-,-,-,-,-
96427,96427,2682337.302,18:09:07:930,Trial015,15 devant.png,0,2893.689,58,DarkKhaki,77.7554,Eye,Blink,Blink,4,4,0,0,0,0,-,-,-,-,-,-,-,-,0,0,0,0,0,0,0,0,0,0,0,0,0,0,0,0,0,-,-,-,-,-,-,-,-
96428,96428,2682354.0,18:09:07:947,Trial015,15 devant.png,0,2893.689,58,DarkKhaki,77.7554,Eye,Blink,Blink,4,4,0,0,0,0,-,-,-,-,-,-,-,-,0,0,0,0,0,0,0,0,0,0,0,0,0,0,0,0,0,-,-,-,-,-,-,-,-
96429,96429,2682370.698,18:09:07:963,Trial015,15 devant.png,0,2893.689,58,DarkKhaki,77.7554,Eye,Blink,Blink,4,4,0,0,0,0,-,-,-,-,-,-,-,-,0,0,0,0,0,0,0,0,0,0,0,0,0,0,0,0,0,-,-,-,-,-,-,-,-
96430,96430,2682387.397,18:09:07:980,Trial015,15 devant.png,0,2893.689,58,DarkKhaki,77.7554,Eye,Blink,Blink,4,4,0,0,0,0,-,-,-,-,-,-,-,-,0,0,0,0,0,0,0,0,0,0,0,0,0,0,0,0,0,-,-,-,-,-,-,-,-
96431,96431,2682404.095,18:09:07:997,Trial015,15 devant.png,0,2893.689,58,DarkKhaki,77.7554,Eye,Blink,Saccade,4,4,0,0,777.1433,865.4639,-,-,-,-,-,-,-,-,0,0,0,0.0018,-0.0617,-0.9981,0,0,0,-18.5731,57.1415,603.5013,0,0,713.2449,285.7022,0,-,-,-,-,-,-,-,-
96432,96432,2682420.793,18:09:08:014,Trial015,15 devant.png,0,2893.689,58,DarkKhaki,77.7554,Eye,Blink,Saccade,4,4,0,0,0,0,-,-,-,-,-,-,-,-,0,0,0,0,0,0,0,0,0,0,0,0,0,0,0,0,0,-,-,-,-,-,-,-,-
96433,96433,2682437.491,18:09:08:030,Trial015,15 devant.png,0,2893.689,58,DarkKhaki,77.7554,Eye,Fixation,Fixation,7,7,784.6576,358.0398,743.283,401.053,-,-,-,-,-,-,-,-,0.0049,0.2037,-0.979,-0.0324,0.179,-0.9833,43.5046,63.8523,610.5972,-18.6266,57.1187,602.8637,468.6332,256.9499,714.1931,280.9099,0,-,-,-,-,-,-,-,-
96434,96434,2682454.182,18:09:08:047,Trial015,15 devant.png,0,2893.689,58,DarkKhaki,77.7554,Eye,Fixation,Fixation,7,7,798.4537,362.6405,740.9478,387.2319,-,-,-,-,-,-,-,-,0.0085,0.1987,-0.98,-0.0292,0.1927,-0.9808,43.3659,63.825,610.5896,-18.7186,57.0636,601.8676,469.1064,257.1493,714.6206,280.4814,0,-,-,-,-,-,-,-,-
96435,96435,2682470.874,18:09:08:064,Trial015,15 devant.png,0,2893.689,58,DarkKhaki,77.7554,Eye,Fixation,Fixation,7,7,789.1076,369.7816,753.5216,394.0429,-,-,-,-,-,-,-,-,-0.001,0.1916,-0.9815,-0.013,0.1792,-0.9837,43.1493,63.6691,608.7967,-18.8171,57.0431,601.8576,469.6344,257.1435,714.7012,280.8192,0,-,-,-,-,-,-,-,-
96436,96436,2682487.565,18:09:08:080,Trial015,15 devant.png,0,2893.689,58,DarkKhaki,77.7554,Eye,Fixation,Fixation,7,7,796.863,372.4573,744.7511,403.5398,-,-,-,-,-,-,-,-,0.0022,0.1922,-0.9814,-0.0222,0.17,-0.9852,43.0338,63.7275,609.3439,-18.8707,56.946,600.5749,470.1808,257.1328,715.2569,280.8871,0,-,-,-,-,-,-,-,-
96437,96437,2682504.257,18:09:08:097,Trial015,15 devant.png,0,2893.689,58,DarkKhaki,77.7554,Eye,Fixation,Fixation,7,7,797.7068,379.6081,753.3504,402.562,-,-,-,-,-,-,-,-,0.0006,0.1836,-0.983,-0.0114,0.1765,-0.9842,42.777,63.5253,607.3616,-19.0262,56.9481,600.9787,470.6665,257.2566,715.6154,280.9089,0,-,-,-,-,-,-,-,-
96438,96438,2682520.948,18:09:08:114,Trial015,15 devant.png,0,2893.689,58,DarkKhaki,77.7554,Eye,Fixation,Fixation,7,7,803.6956,379.8424,748.8899,406.9509,-,-,-,-,-,-,-,-,0.0041,0.1894,-0.9819,-0.017,0.1713,-0.9851,42.6306,63.5779,607.6956,-19.0755,56.8398,599.7157,471.2711,257.0801,716.082,280.9519,0,-,-,-,-,-,-,-,-
96439,96439,2682537.64,18:09:08:130,Trial015,15 devant.png,0,2893.689,58,DarkKhaki,77.7554,Eye,Fixation,Fixation,7,7,800.9512,383.5617,757.5141,405.4055,-,-,-,-,-,-,-,-,-0.0018,0.1843,-0.9829,-0.0082,0.1775,-0.9841,42.4834,63.5482,607.3031,-19.2542,56.861,600.0559,471.8537,257.129,716.5808,280.8797,0,-,-,-,-,-,-,-,-
96440,96440,2682554.331,18:09:08:147,Trial015,15 devant.png,0,2893.689,58,DarkKhaki,77.7554,Eye,Fixation,Fixation,7,7,804.0395,384.0873,751.1768,409.1154,-,-,-,-,-,-,-,-,0.0009,0.188,-0.9822,-0.0159,0.1705,-0.9852,42.2327,63.453,606.3087,-19.3437,56.8223,599.2067,472.5164,257.0133,717.1998,280.8404,0,-,-,-,-,-,-,-,-
96441,96441,2682571.022,18:09:08:164,Trial015,15 devant.png,0,2893.689,58,DarkKhaki,77.7554,Eye,Fixation,Fixation,7,7,805.6411,385.1069,758.2037,409.689,-,-,-,-,-,-,-,-,0.0012,0.1875,-0.9823,-0.01,0.1733,-0.9848,42.0511,63.5147,606.6503,-19.4961,56.7062,598.1456,473.3235,256.924,717.8348,280.8393,0,-,-,-,-,-,-,-,-
96442,96442,2682587.714,18:09:08:180,Trial015,15 devant.png,0,2893.689,58,DarkKhaki,77.7554,Eye,Fixation,Fixation,7,7,805.7436,385.3693,764.8694,409.6719,-,-,-,-,-,-,-,-,-0.0012,0.1886,-0.982,-0.0058,0.1752,-0.9845,41.8774,63.565,607.1374,-19.7072,56.7149,598.3985,474.1897,256.91,718.5653,280.866,0,-,-,-,-,-,-,-,-
96443,96443,2682604.405,18:09:08:197,Trial015,15 devant.png,0,2893.689,58,DarkKhaki,77.7554,Eye,Fixation,Fixation,7,7,805.6947,385.363,765.0523,410.5586,-,-,-,-,-,-,-,-,-0.0019,0.19,-0.9818,-0.004,0.1734,-0.9848,41.6749,63.5503,607.1006,-19.933,56.7348,598.8292,474.9927,256.9261,719.3759,280.9893,0,-,-,-,-,-,-,-,-
96444,96444,2682621.097,18:09:08:214,Trial015,15 devant.png,0,2893.689,58,DarkKhaki,77.7554,Eye,Fixation,Fixation,7,7,802.8454,386.2025,768.3806,409.331,-,-,-,-,-,-,-,-,-0.003,0.1937,-0.9811,-0.0029,0.1804,-0.9836,41.4025,63.5145,606.633,-20.1584,56.7074,598.8385,475.9645,256.8002,720.254,280.9668,0,-,-,-,-,-,-,-,-
96445,96445,2682637.788,18:09:08:231,Trial015,15 devant.png,0,2893.689,58,DarkKhaki,77.7554,Eye,Fixation,Fixation,7,7,801.1332,390.4093,770.3774,410.4178,-,-,-,-,-,-,-,-,-0.0004,0.1795,-0.9838,-0.0036,0.1812,-0.9834,41.0493,63.4713,605.3602,-20.3933,56.6895,598.6111,476.9634,256.701,721.2392,280.9337,0,-,-,-,-,-,-,-,-
96446,96446,2682654.48,18:09:08:247,Trial015,15 devant.png,0,2893.689,58,DarkKhaki,77.7554,Eye,Fixation,Fixation,7,7,800.2415,391.8164,777.319,411.346,-,-,-,-,-,-,-,-,-0.0005,0.1826,-0.9832,0.0048,0.1762,-0.9843,40.8071,63.5626,605.4496,-20.6583,56.7296,598.7536,477.9479,256.3179,722.1178,280.9252,0,-,-,-,-,-,-,-,-
96447,96447,2682671.171,18:09:08:264,Trial015,15 devant.png,0,2893.689,58,DarkKhaki,77.7554,Eye,Fixation,Fixation,7,7,797.6262,391.8429,777.7513,410.9046,-,-,-,-,-,-,-,-,-0.0033,0.1895,-0.9819,0.0001,0.1747,-0.9846,40.5559,63.6057,605.4581,-20.9003,56.7141,598.5242,479.0013,256.0215,723.2116,280.9278,0,-,-,-,-,-,-,-,-
96448,96448,2682687.862,18:09:08:281,Trial015,15 devant.png,0,2893.689,58,DarkKhaki,77.7554,Eye,Fixation,Fixation,7,7,795.3563,391.0451,779.5235,410.1863,-,-,-,-,-,-,-,-,-0.0038,0.1901,-0.9818,0.0002,0.1799,-0.9837,40.2638,63.592,604.8505,-21.1119,56.6326,597.982,480.005,255.8054,724.1328,280.9439,0,-,-,-,-,-,-,-,-
96449,96449,2682704.554,18:09:08:297,Trial015,15 devant.png,0,2893.689,58,DarkKhaki,77.7554,Eye,Fixation,Fixation,7,7,791.7893,392.2423,778.6411,406.6503,-,-,-,-,-,-,-,-,-0.0063,0.1856,-0.9826,-0.0054,0.1887,-0.982,39.9976,63.5525,603.9385,-21.2901,56.5072,597.426,480.8667,255.6584,725.037,281.0604,0,-,-,-,-,-,-,-,-
96450,96450,2682721.245,18:09:08:314,Trial015,15 devant.png,0,2893.689,58,DarkKhaki,77.7554,Eye,Fixation,Fixation,7,7,790.4614,392.4285,779.9866,406.969,-,-,-,-,-,-,-,-,-0.0038,0.1852,-0.9827,-0.0018,0.1817,-0.9834,39.8222,63.6026,604.2767,-21.4743,56.3968,596.7657,481.6032,255.6121,725.8029,281.3818,0,-,-,-,-,-,-,-,-
96451,96451,2682737.937,18:09:08:331,Trial015,15 devant.png,0,2893.689,58,DarkKhaki,77.7554,Eye,Saccade,Saccade,4,5,796.9566,394.5584,781.0251,408.5631,-,-,-,-,-,-,-,-,0.0131,0.1787,-0.9838,-0.0032,0.1709,-0.9853,39.7107,63.603,605.2125,-21.5632,56.2744,597.1695,481.9638,256.1328,726.1283,282.2397,0,-,-,-,-,-,-,-,-
96452,96452,2682754.628,18:09:08:347,Trial015,15 devant.png,0,2893.689,58,DarkKhaki,77.7554,Eye,Saccade,Saccade,4,5,1053.4128,681.566,1017.1614,698.6774,-,-,-,-,-,-,-,-,0.0949,0.0242,-0.9952,0.0834,0.0226,-0.9963,39.7052,62.9169,603.8354,-21.1711,55.7545,597.1675,480.0303,261.2432,722.8697,287.2137,0,-,-,-,-,-,-,-,-
96453,96453,2682771.32,18:09:08:364,Trial015,15 devant.png,0,2893.689,58,DarkKhaki,77.7554,Eye,Saccade,Saccade,4,5,1246.0274,831.6321,1228.6039,846.6614,-,-,-,-,-,-,-,-,0.1599,-0.0565,-0.9855,0.1528,-0.0521,-0.9869,39.873,62.5353,604.4898,-20.818,55.2504,596.9016,478.2942,264.6081,720.1269,290.6136,0,-,-,-,-,-,-,-,-
96454,96454,2682788.011,18:09:08:381,Trial015,15 devant.png,0,2893.689,58,DarkKhaki,77.7554,Eye,Saccade,Saccade,4,5,1339.622,987.0672,1339.212,979.2485,-,-,-,-,-,-,-,-,0.1884,-0.1348,-0.9728,0.1848,-0.1141,-0.9761,39.9737,62.2695,605.2742,-20.6807,54.8378,596.2567,477.5698,267.5191,719.0284,293.2635,0,-,-,-,-,-,-,-,-
96455,96455,2682804.703,18:09:08:397,Trial015,15 devant.png,0,2893.689,58,DarkKhaki,77.7554,Eye,Saccade,Saccade,4,5,1348.9631,981.6237,1330.5836,979.3512,-,-,-,-,-,-,-,-,0.1931,-0.1295,-0.9726,0.1799,-0.114,-0.9771,39.999,62.2262,605.8101,-20.8274,54.8019,596.8165,477.5225,267.8056,719.6402,293.6122,0,-,-,-,-,-,-,-,-
96456,96456,2682821.394,18:09:08:414,Trial015,15 devant.png,0,2893.689,58,DarkKhaki,77.7554,Eye,Saccade,Saccade,4,5,1353.8336,986.1413,1330.7327,983.9788,-,-,-,-,-,-,-,-,0.1942,-0.1379,-0.9712,0.1811,-0.1199,-0.9761,40.0611,62.2478,606.9378,-20.913,54.7403,597.2165,477.5611,268.3419,719.9062,294.123,0,-,-,-,-,-,-,-,-
96457,96457,2682838.085,18:09:08:431,Trial015,15 devant.png,0,2893.689,58,DarkKhaki,77.7554,Eye,Saccade,Saccade,4,5,1354.484,988.856,1325.762,986.3611,-,-,-,-,-,-,-,-,0.1925,-0.139,-0.9714,0.1771,-0.1199,-0.9769,40.0883,62.2242,607.3357,-20.9663,54.5739,596.487,477.594,268.6159,720.2964,294.5222,0,-,-,-,-,-,-,-,-
96458,96458,2682854.777,18:09:08:448,Trial015,15 devant.png,0,2893.689,58,DarkKhaki,77.7554,Eye,Saccade,Saccade,4,5,1352.7482,989.2272,1325.9519,984.8512,-,-,-,-,-,-,-,-,0.1897,-0.1366,-0.9723,0.1798,-0.1143,-0.977,40.0784,62.1611,607.3411,-21.0811,54.5522,596.988,477.6871,268.8194,720.6376,294.6828,0,-,-,-,-,-,-,-,-
